Webots Project File version R2021b
perspectives: 000000ff00000000fd000000030000000000000069000003ecfc0100000003fc00000000ffffffff0000000000fffffffc0200000001fb00000012005300630065006e0065005400720065006501000000000000039f0000000000000000fb0000001a0044006f00630075006d0065006e0074006100740069006f006e0000000000ffffffff0000000000000000fb0000001e00480074006d006c0052006f0062006f007400570069006e0064006f00770000000000000000690000006900ffffff000000010000023a000003ecfc0200000001fb0000001400540065007800740045006400690074006f0072010000001a000003ec0000008700ffffff0000000300000716000000e3fc0100000002fb0000000e0043006f006e0073006f006c006501000000000000073f0000000000000000fb0000001a0043006f006e0073006f006c00650041006c006c0041006c006c010000006b00000716000000000000000000000545000003ec00000004000000040000000100000008fc00000000
simulationViewPerspectives: 000000ff00000001000000020000016c000004a00100000002010000000101
sceneTreePerspectives: 000000ff0000000100000002000000c0000001120100000002010000000201
minimizedPerspectives: 000000ff00000000fd000000030000000000000069000003ecfc0100000003fc00000000ffffffff0000000000fffffffc0200000001fb00000012005300630065006e0065005400720065006501000000000000039f0000000000000000fb0000001a0044006f00630075006d0065006e0074006100740069006f006e0000000000ffffffff0000000000000000fb0000001e00480074006d006c0052006f0062006f007400570069006e0064006f00770100000000000000690000006900ffffff000000010000023a00000307fc0200000001fb0000001400540065007800740045006400690074006f0072010000001a000003070000008700ffffff0000000300000716000000e3fc0100000002fb0000000e0043006f006e0073006f006c006501000000000000073f0000000000000000fb0000001a0043006f006e0073006f006c00650041006c006c0041006c006c010000006b000007160000006900ffffff000004da0000030700000004000000040000000100000008fc00000000
maximizedDockId: -1
centralWidgetVisible: 1
projectionMode: PERSPECTIVE
renderingMode: PLAIN
orthographicViewHeight: 1.99796
textFiles: 0 "controllers/LidarStuff/LidarStuff.py"
globalOptionalRendering: LidarRaysPaths::LidarPointClouds::DistanceSensorRays
renderingDevicePerspectives: robot1:camera;1;1.40625;0;0
